39
50
50
60
69
69
79
79
89
89
99
113
122
123
127
132
132
149
158
165
176
176
177
190
190
196
207
207
219
219
237
237
242
242
259
259
269
282
282
288
295
301
301
316
317
329
338
356
356
372
390
390
406
406
416
416
434
455
455
471
487
487
498
499
522
538
538
560
572
572
580
580
596
626
650
664
664
664
681
703
746
757
757
788
788
808
809
809
828
828
843
843
854
854
882
889
889
905
905
919
938
938
952
967
967
967
991
992
1001
1034
1035
1035
1054
1054
1089
1089
1089
1106
1106
1106
1120
1121
1128
1129
1138
1138
1138
1159
1174
1174
1193
1193
1213
1213
1231
1232
1246
1261
1262
1262
1273
1273
1284
1284
1284
1296
1296
1296
1310
1321
1321
1335
1336
1336
1348
1348
1359
1359
1370
1370
1386
1396
1396
1417
1417
1504
1505
1520
1520
1556
1556
1556
1576
1592
1592
1592
1616
1666
1666
1679
1679
1690
1709
1709
1730
1730
1747
1747
1763
1763
1776
1776
1802
1802
1803
1824
1844
1845
1884
1885
1905
1905
1945
1981
1982
1996
1997
2008
2022
2047
2047
2061
2061
2067
2068
2073
2073
2087
2087
2087
2099
2099
2114
2114
2122
2122
2133
2133
2133
2142
2155
2163
2171
2191
2191
2192
2201
2201
2218
2277
2297
2311
2312
2331
2492
2523
2535
2544
2544
2559
2572
2572
2583
2583
2591
2591
2603
2626
2627
2627
2642
2642
2642
2655
2655
2657
2668
2677
2677
2702
2702
2713
2713
2713
2733
2733
2755
2755
2755
2767
2768
2768
2777
2777
2790
2790
2801
2818
2818
2819
2825
2845
2846
2846
2866
2888
2888
2904
2904
2904
2920
2951
2965
2966
2976
2976
2977
2977
2977
2996
2996
3004
3004
3021
3021
3043
3043
3049
3061
3061
3098
3098
3111
3111
3121
3135
3147
3155
3155
3166
3166
3166
3166
3166
3166
3171
3192
3194
3202
3211
3226
3229
3229
3230
3238
3238
3254
3255
3266
3267
3275
3282
3283
3312
3324
3325
3338
3338
3346
3346
3359
3371
3371
3373
3379
3389
3389
3390
3402
3402
3419
3419
3419
3443
3467
3468
3480
3492
3492
3512
3513
3521
3521
3537
3537
3551
3551
3565
3565
3570
3570
3586
3586
3591
3592
3607
3607
3612
3612
3613
3613
3617
3626
